1 0.27533459663391113 0.2738095223903656
2 0.283620148897171 0.2708333432674408
3 0.31612491607666016 0.3080357015132904
4 0.3524537980556488 0.3303571343421936
5 0.3677501678466797 0.3125
6 0.40535372495651245 0.4330357015132904
7 0.45315486192703247 0.425595223903656
8 0.44933077692985535 0.443452388048172
9 0.4920331537723541 0.494047611951828
10 0.49458253383636475 0.5
11 0.4990439713001251 0.5773809552192688
12 0.5041427612304688 0.4226190447807312
13 0.5079668760299683 0.5178571343421936
14 0.536010205745697 0.4910714328289032
15 0.53855961561203 0.5639880895614624
16 0.5442957282066345 0.5535714030265808
17 0.5729764103889465 0.5788690447807312
18 0.567240297794342 0.5342261791229248
19 0.5825366377830505 0.5595238208770752
20 0.5850860476493835 0.6205357313156128
21 0.6182281970977783 0.5907738208770752
22 0.5920968651771545 0.5401785969734192
23 0.5889101624488831 0.5877976417541504
24 0.6328871846199036 0.5357142686843872
25 0.6277884244918823 0.6190476417541504
26 0.6653919816017151 0.6517857313156128
27 0.6577438116073608 0.6428571343421936
28 0.6755895614624023 0.6517857313156128
29 0.6615678668022156 0.636904776096344
30 0.6571064591407776 0.6577380895614624
31 0.6908859014511108 0.675595223903656
32 0.6934353113174438 0.6547619104385376
33 0.6857871413230896 0.6592261791229248
34 0.7074570059776306 0.6666666865348816
35 0.7125557661056519 0.699404776096344
36 0.7240280508995056 0.711309552192688
37 0.7106437087059021 0.6860119104385376
38 0.7157425284385681 0.6904761791229248
39 0.7259401082992554 0.7172619104385376
40 0.7584448456764221 0.7098214030265808
