1 0.2555767893791199 0.2589285671710968
2 0.31931164860725403 0.3125
3 0.3288719058036804 0.355654776096344
4 0.3702995479106903 0.380952388048172
5 0.4130019247531891 0.4389880895614624
6 0.38368386030197144 0.3928571343421936
7 0.4072657823562622 0.3928571343421936
8 0.46590185165405273 0.4300595223903656
9 0.46972593665122986 0.4345238208770752
10 0.5035054087638855 0.4955357015132904
11 0.509878933429718 0.4389880895614624
12 0.528999388217926 0.4732142984867096
13 0.5372849106788635 0.4761904776096344
14 0.5347355008125305 0.4985119104385376
15 0.5678776502609253 0.4970238208770752
16 0.562141478061676 0.6235119104385376
17 0.6328871846199036 0.6071428656578064
18 0.6258763670921326 0.569940447807312
19 0.6367112994194031 0.6101190447807312
20 0.6398980021476746 0.6309523582458496
