1 0.274059921503067 0.2738095223903656
2 0.26959848403930664 0.2738095223903656
3 0.2950924038887024 0.3095238208770752
4 0.3333333432674408 0.3660714328289032
5 0.33970680832862854 0.3601190447807312
6 0.36583811044692993 0.3586309552192688
7 0.3964308500289917 0.418154776096344
8 0.4225621521472931 0.4613095223903656
9 0.44359463453292847 0.5
10 0.4716379940509796 0.4479166567325592
11 0.48374760150909424 0.4717261791229248
12 0.4920331537723541 0.538690447807312
13 0.5188018083572388 0.538690447807312
14 0.5321860909461975 0.543154776096344
15 0.5245379209518433 0.5297619104385376
16 0.5060548186302185 0.5327380895614624
17 0.5487571954727173 0.550595223903656
18 0.5544933080673218 0.5282738208770752
19 0.5532186031341553 0.5163690447807312
20 0.5627788305282593 0.5639880895614624
